1.115302999999999969e+02
1.114574000000000069e+02
1.113846000000000060e+02
1.113118000000000052e+02
1.112390000000000043e+02
1.111661000000000001e+02
1.110932999999999993e+02
1.110204999999999984e+02
1.109476999999999975e+02
1.108748999999999967e+02
1.108020999999999958e+02
1.107292000000000058e+02
1.106564000000000050e+02
1.105836000000000041e+02
1.105108000000000033e+02
1.104380000000000024e+02
1.103652000000000015e+02
1.102924000000000007e+02
1.102195999999999998e+02
1.101467999999999989e+02
1.100739999999999981e+02
1.100011999999999972e+02
1.099283999999999963e+02
1.098555999999999955e+02
1.097827999999999946e+02
1.097099999999999937e+02
1.096372999999999962e+02
1.095644999999999953e+02
1.094916999999999945e+02
1.094188999999999936e+02
1.093461000000000070e+02
1.092733000000000061e+02
1.092005999999999943e+02
1.091277999999999935e+02
1.090550000000000068e+02
1.089822000000000060e+02
1.089094999999999942e+02
1.088366999999999933e+02
1.087639000000000067e+02
1.086911999999999949e+02
1.086183999999999941e+02
1.085455999999999932e+02
1.084728999999999957e+02
1.084000999999999948e+02
1.083273999999999972e+02
1.082545999999999964e+02
1.081818999999999988e+02
1.081090999999999980e+02
1.080362999999999971e+02
1.079635999999999996e+02
1.078907999999999987e+02
1.078181000000000012e+02
1.077454000000000036e+02
1.076726000000000028e+02
1.075999000000000052e+02
1.075271000000000043e+02
1.074544000000000068e+02
1.073816000000000059e+02
1.073088999999999942e+02
1.072361999999999966e+02
1.071633999999999958e+02
1.070906999999999982e+02
1.070180000000000007e+02
1.069451999999999998e+02
1.068725000000000023e+02
1.067998000000000047e+02
1.067270999999999930e+02
1.066543000000000063e+02
1.065815999999999946e+02
1.065088999999999970e+02
1.064361999999999995e+02
1.063635000000000019e+02
1.062907000000000011e+02
1.062180000000000035e+02
1.061453000000000060e+02
1.060725999999999942e+02
1.059998999999999967e+02
1.059271999999999991e+02
1.058545000000000016e+02
1.057818000000000040e+02
1.057091000000000065e+02
1.056363999999999947e+02
1.055636999999999972e+02
1.054909999999999997e+02
1.054183000000000021e+02
1.053456000000000046e+02
1.052729000000000070e+02
1.052001999999999953e+02
1.051274999999999977e+02
1.050548000000000002e+02
1.049821000000000026e+02
1.049094000000000051e+02
1.048367999999999967e+02
1.047640999999999991e+02
1.046914000000000016e+02
1.046187000000000040e+02
1.045460000000000065e+02
1.044732999999999947e+02
1.044007000000000005e+02
1.043280000000000030e+02
1.042553000000000054e+02
1.041825999999999937e+02
1.041099999999999994e+02
1.040373000000000019e+02
1.039646000000000043e+02
1.038919999999999959e+02
1.038192999999999984e+02
1.037466000000000008e+02
1.036740000000000066e+02
1.036012999999999948e+02
1.035285999999999973e+02
1.034560000000000031e+02
1.033833000000000055e+02
1.033106999999999971e+02
1.032379999999999995e+02
1.031654000000000053e+02
1.030926999999999936e+02
1.030200999999999993e+02
1.029474000000000018e+02
1.028747999999999934e+02
1.028020999999999958e+02
1.027295000000000016e+02
1.026568000000000040e+02
1.025841999999999956e+02
1.025114999999999981e+02
1.024389000000000038e+02
1.023662999999999954e+02
1.022935999999999979e+02
1.022210000000000036e+02
1.021483999999999952e+02
1.020756999999999977e+02
1.020031000000000034e+02
1.019304999999999950e+02
1.018577999999999975e+02
1.017852000000000032e+02
1.017125999999999948e+02
1.016398999999999972e+02
1.015673000000000030e+02
1.014946999999999946e+02
1.014221000000000004e+02
1.013495000000000061e+02
1.012767999999999944e+02
1.012042000000000002e+02
1.011316000000000059e+02
1.010589999999999975e+02
1.009864000000000033e+02
1.009137999999999948e+02
1.008412000000000006e+02
1.007685000000000031e+02
1.006958999999999946e+02
1.006233000000000004e+02
1.005507000000000062e+02
1.004780999999999977e+02
1.004055000000000035e+02
1.003328999999999951e+02
1.002603000000000009e+02
1.001877000000000066e+02
1.001150999999999982e+02
1.000425000000000040e+02
9.996992000000000189e+01
9.989732999999999663e+01
9.982474000000000558e+01
9.975213999999999714e+01
9.967955000000000609e+01
9.960696000000000083e+01
9.953436999999999557e+01
9.946178000000000452e+01
9.938920000000000243e+01
9.931660999999999717e+01
9.924402999999999508e+01
9.917144000000000403e+01
9.909886000000000195e+01
9.902627999999999986e+01
9.895369999999999777e+01
9.888112999999999886e+01
9.880854999999999677e+01
9.873596999999999468e+01
9.866339999999999577e+01
9.859082999999999686e+01
9.851825999999999794e+01
9.844568999999999903e+01
9.837312000000000012e+01
9.830053999999999803e+01
9.822796999999999912e+01
9.815541000000000338e+01
9.808284999999999343e+01
9.801027999999999452e+01
9.793771999999999878e+01
9.786516000000000304e+01
9.779259000000000412e+01
9.772003999999999735e+01
9.764748000000000161e+01
9.757492999999999483e+01
9.750236999999999910e+01
9.742982000000000653e+01
9.735725999999999658e+01
9.728471000000000402e+01
9.721215999999999724e+01
9.713961000000000467e+01
9.706705999999999790e+01
9.699451000000000533e+01
9.692197000000000173e+01
9.684941999999999496e+01
9.677687000000000239e+01
9.670432999999999879e+01
9.663178999999999519e+01
9.655925000000000580e+01
9.648671000000000220e+01
9.641416999999999859e+01
9.634162999999999499e+01
9.626909999999999457e+01
9.619656000000000518e+01
9.612403000000000475e+01
9.605150000000000432e+01
9.597897000000000389e+01
9.590643000000000029e+01
9.583389999999999986e+01
9.576138000000000261e+01
9.568885000000000218e+01
9.561633000000000493e+01
9.554380000000000450e+01
9.547127999999999304e+01
9.539875000000000682e+01
9.532622999999999536e+01
9.525369999999999493e+01
9.518117999999999768e+01
9.510867000000000360e+01
9.503615000000000634e+01
9.496362999999999488e+01
9.489110999999999763e+01
9.481860000000000355e+01
9.474608000000000629e+01
9.467356999999999800e+01
9.460106000000000392e+01
9.452854999999999563e+01
9.445604000000000156e+01
9.438352999999999327e+01
9.431101999999999919e+01
9.423851000000000511e+01
9.416600999999999999e+01
9.409350999999999487e+01
9.402100000000000080e+01
9.394849999999999568e+01
9.387600000000000477e+01
9.380349999999999966e+01
9.373099999999999454e+01
9.365849000000000046e+01
9.358599999999999852e+01
9.351349999999999341e+01
9.344101000000000568e+01
9.336852000000000373e+01
9.329601999999999862e+01
9.322352999999999668e+01
9.315103000000000577e+01
9.307854000000000383e+01
9.300605000000000189e+01
9.293355999999999995e+01
9.286108000000000118e+01
9.278858999999999924e+01
9.271609999999999729e+01
9.264361999999999853e+01
9.257112999999999658e+01
9.249863999999999464e+01
9.242615999999999588e+01
9.235367999999999711e+01
9.228119999999999834e+01
9.220871999999999957e+01
9.213625000000000398e+01
9.206377000000000521e+01
9.199129000000000644e+01
9.191880999999999347e+01
9.184633999999999787e+01
9.177385999999999910e+01
9.170139000000000351e+01
9.162891999999999371e+01
9.155644999999999811e+01
9.148398000000000252e+01
9.141151000000000693e+01
9.133903999999999712e+01
9.126657000000000153e+01
9.119410999999999490e+01
9.112163999999999930e+01
9.104918000000000688e+01
9.097672000000000025e+01
9.090425000000000466e+01
9.083178999999999803e+01
9.075932000000000244e+01
9.068685999999999581e+01
9.061440000000000339e+01
9.054194999999999993e+01
9.046948999999999330e+01
9.039703000000000088e+01
9.032457999999999743e+01
9.025212000000000501e+01
9.017965999999999838e+01
9.010720999999999492e+01
9.003475000000000250e+01
8.996229999999999905e+01
8.988984999999999559e+01
8.981740999999999531e+01
8.974496000000000606e+01
8.967251000000000261e+01
8.960005999999999915e+01
8.952760999999999569e+01
8.945516000000000645e+01
8.938271000000000299e+01
8.931027000000000271e+01
8.923783000000000243e+01
8.916539000000000215e+01
8.909295000000000186e+01
8.902051000000000158e+01
8.894807000000000130e+01
8.887563000000000102e+01
8.880317999999999756e+01
8.873073999999999728e+01
8.865831000000000017e+01
8.858588000000000306e+01
8.851344000000000278e+01
8.844101000000000568e+01
8.836857999999999436e+01
8.829613999999999407e+01
8.822370999999999697e+01
8.815127999999999986e+01
8.807883999999999958e+01
8.800641000000000247e+01
8.793398000000000536e+01
8.786155999999999722e+01
8.778913000000000011e+01
8.771671000000000618e+01
8.764427999999999486e+01
8.757184999999999775e+01
8.749943000000000382e+01
8.742700000000000671e+01
8.735457999999999856e+01
8.728215000000000146e+01
8.720972999999999331e+01
8.713730999999999938e+01
8.706489999999999441e+01
8.699248000000000047e+01
8.692006000000000654e+01
8.684763999999999839e+01
8.677522000000000446e+01
8.670279999999999632e+01
8.663039000000000556e+01
8.655796999999999741e+01
8.648555000000000348e+01
8.641313999999999851e+01
8.634072999999999354e+01
8.626832000000000278e+01
8.619590999999999781e+01
8.612350000000000705e+01
8.605109000000000208e+01
8.597867999999999711e+01
8.590627000000000635e+01
8.583384999999999820e+01
8.576143999999999323e+01
8.568903000000000247e+01
8.561663000000000068e+01
8.554422999999999888e+01
8.547181999999999391e+01
8.539942000000000633e+01
8.532702000000000453e+01
8.525462000000000273e+01
8.518220999999999776e+01
8.510980999999999597e+01
8.503740999999999417e+01
8.496500000000000341e+01
8.489260000000000161e+01
8.482019999999999982e+01
8.474779999999999802e+01
8.467540999999999940e+01
8.460300999999999760e+01
8.453061999999999898e+01
8.445821999999999719e+01
8.438582999999999856e+01
8.431342999999999677e+01
8.424103999999999814e+01
8.416863999999999635e+01
8.409623999999999455e+01
8.402384999999999593e+01
8.395144999999999413e+01
8.387906999999999869e+01
8.380668000000000006e+01
8.373429000000000144e+01
8.366190000000000282e+01
8.358951999999999316e+01
8.351712999999999454e+01
8.344473999999999592e+01
8.337234999999999729e+01
8.329995999999999867e+01
8.322758000000000322e+01
8.315519000000000460e+01
8.308280000000000598e+01
8.301040999999999315e+01
8.293802999999999770e+01
8.286565000000000225e+01
8.279327000000000680e+01
8.272088999999999714e+01
8.264851000000000170e+01
8.257613000000000625e+01
8.250374999999999659e+01
8.243137000000000114e+01
8.235899000000000569e+01
8.228660999999999603e+01
8.221423000000000059e+01
8.214185000000000514e+01
8.206946999999999548e+01
8.199709000000000003e+01
8.192471999999999355e+01
8.185235000000000127e+01
8.177997999999999479e+01
8.170759999999999934e+01
8.163523000000000707e+01
8.156286000000000058e+01
8.149048999999999410e+01
8.141810999999999865e+01
8.134574000000000638e+01
8.127336999999999989e+01
8.120099999999999341e+01
8.112861999999999796e+01
8.105625000000000568e+01
8.098387999999999920e+01
8.091151000000000693e+01
8.083914000000000044e+01
8.076677999999999713e+01
8.069441000000000486e+01
8.062205000000000155e+01
8.054967999999999506e+01
8.047732000000000596e+01
8.040494999999999948e+01
8.033258999999999617e+01
8.026022000000000389e+01
8.018786000000000058e+01
8.011548999999999410e+01
8.004313000000000500e+01
7.997075999999999851e+01
7.989839999999999520e+01
7.982603000000000293e+01
7.975366999999999962e+01
7.968129999999999313e+01
7.960894999999999300e+01
7.953659000000000390e+01
7.946423000000000059e+01
7.939188000000000045e+01
7.931951999999999714e+01
7.924715999999999383e+01
7.917480000000000473e+01
7.910245000000000459e+01
7.903009000000000128e+01
7.895772999999999797e+01
7.888537999999999784e+01
7.881301999999999452e+01
7.874066000000000543e+01
7.866830000000000211e+01
7.859595000000000198e+01
7.852358999999999867e+01
7.845122999999999536e+01
7.837887999999999522e+01
7.830652999999999508e+01
7.823417999999999495e+01
7.816182999999999481e+01
7.808947999999999467e+01
7.801712999999999454e+01
7.794477999999999440e+01
7.787242999999999427e+01
7.780007999999999413e+01
7.772772999999999399e+01
7.765537999999999386e+01
7.758302999999999372e+01
7.751067999999999358e+01
7.743832999999999345e+01
7.736597999999999331e+01
7.729362999999999317e+01
7.722127999999999304e+01
7.714892999999999290e+01
7.707658000000000698e+01
7.700423000000000684e+01
7.693188000000000670e+01
7.685953999999999553e+01
7.678718999999999539e+01
7.671483999999999526e+01
7.664249999999999829e+01
7.657016000000000133e+01
7.649782000000000437e+01
7.642547999999999320e+01
7.635312999999999306e+01
7.628078999999999610e+01
7.620844999999999914e+01
7.613611000000000217e+01
7.606377000000000521e+01
7.599142000000000507e+01
7.591907999999999390e+01
7.584673999999999694e+01
7.577439999999999998e+01
7.570206000000000301e+01
7.562971000000000288e+01
7.555737000000000592e+01
7.548502999999999474e+01
7.541268999999999778e+01
7.534035000000000082e+01
7.526801000000000386e+01
7.519566000000000372e+01
7.512332000000000676e+01
7.505097999999999558e+01
7.497863999999999862e+01
7.490630000000000166e+01
7.483395000000000152e+01
7.476161000000000456e+01
7.468927999999999656e+01
7.461693999999999960e+01
7.454461000000000581e+01
7.447226999999999464e+01
7.439994000000000085e+01
7.432761000000000706e+01
7.425526999999999589e+01
7.418294000000000210e+01
7.411060000000000514e+01
7.403826999999999714e+01
7.396593000000000018e+01
7.389360000000000639e+01
7.382126999999999839e+01
7.374893000000000143e+01
7.367659999999999343e+01
7.360425999999999647e+01
7.353193000000000268e+01
7.345959000000000572e+01
7.338725999999999772e+01
7.331493000000000393e+01
7.324259000000000697e+01
7.317025999999999897e+01
7.309792000000000201e+01
7.302558999999999401e+01
7.295324999999999704e+01
7.288092000000000326e+01
7.280858999999999526e+01
7.273624999999999829e+01
7.266392000000000451e+01
7.259157999999999333e+01
7.251924999999999955e+01
7.244691000000000258e+01
7.237457999999999458e+01
7.230225000000000080e+01
7.222991000000000383e+01
7.215757999999999583e+01
7.208523999999999887e+01
7.201291000000000508e+01
7.194056999999999391e+01
7.186824000000000012e+01
7.179591000000000633e+01
7.172356999999999516e+01
7.165124000000000137e+01
7.157890999999999337e+01
7.150657999999999959e+01
7.143425999999999476e+01
7.136193000000000097e+01
7.128959999999999297e+01
7.121728000000000236e+01
7.114494999999999436e+01
7.107262000000000057e+01
7.100029999999999575e+01
7.092797000000000196e+01
7.085563999999999396e+01
7.078332000000000335e+01
7.071098999999999535e+01
7.063866000000000156e+01
7.056633999999999673e+01
7.049401000000000295e+01
7.042167999999999495e+01
7.034936000000000433e+01
7.027702999999999633e+01
7.020470000000000255e+01
7.013237999999999772e+01
7.006005000000000393e+01
6.998771999999999593e+01
6.991540000000000532e+01
6.984306999999999732e+01
6.977074000000000353e+01
6.969841999999999871e+01
6.962609000000000492e+01
6.955375999999999692e+01
6.948144000000000631e+01
6.940910999999999831e+01
6.933678000000000452e+01
6.926445999999999970e+01
6.919213000000000591e+01
6.911979999999999791e+01
6.904747999999999308e+01
6.897514999999999930e+01
6.890282000000000551e+01
6.883050000000000068e+01
6.875817000000000689e+01
6.868583999999999889e+01
6.861351999999999407e+01
6.854119000000000028e+01
6.846886000000000649e+01
6.839654000000000167e+01
6.832420999999999367e+01
6.825187999999999988e+01
6.817955999999999506e+01
6.810723000000000127e+01
6.803489999999999327e+01
6.796258000000000266e+01
6.789024999999999466e+01
6.781792000000000087e+01
6.774559999999999604e+01
6.767327000000000226e+01
6.760093999999999426e+01
6.752862000000000364e+01
6.745628999999999564e+01
6.738396000000000186e+01
6.731163999999999703e+01
6.723931000000000324e+01
6.716697999999999524e+01
6.709466000000000463e+01
6.702232999999999663e+01
6.695000000000000284e+01
6.687767999999999802e+01
6.680535000000000423e+01
6.673301999999999623e+01
6.666070000000000562e+01
6.658836999999999762e+01
6.651604000000000383e+01
6.644371999999999900e+01
6.637139000000000522e+01
6.629905999999999722e+01
6.622674000000000660e+01
6.615440999999999860e+01
6.608208000000000482e+01
6.600975999999999999e+01
6.593742000000000303e+01
6.586508999999999503e+01
6.579276000000000124e+01
6.572042000000000428e+01
6.564808999999999628e+01
6.557574999999999932e+01
6.550342000000000553e+01
6.543107999999999436e+01
6.535875000000000057e+01
6.528642000000000678e+01
6.521407999999999561e+01
6.514175000000000182e+01
6.506941000000000486e+01
6.499707999999999686e+01
6.492473999999999990e+01
6.485241000000000611e+01
6.478007999999999811e+01
6.470774000000000115e+01
6.463540999999999315e+01
6.456306999999999618e+01
6.449074000000000240e+01
6.441840000000000543e+01
6.434606999999999744e+01
6.427374000000000365e+01
6.420140000000000668e+01
6.412906999999999869e+01
6.405673000000000172e+01
6.398440000000000083e+01
6.391205999999999676e+01
6.383973000000000297e+01
6.376740000000000208e+01
6.369505999999999801e+01
6.362272999999999712e+01
6.355039000000000016e+01
6.347805999999999926e+01
6.340572000000000230e+01
6.333337999999999823e+01
6.326104000000000127e+01
6.318871000000000038e+01
6.311637000000000342e+01
6.304402999999999935e+01
6.297169000000000239e+01
6.289934999999999832e+01
6.282701000000000136e+01
6.275468000000000046e+01
6.268234000000000350e+01
6.260999999999999943e+01
6.253766000000000247e+01
6.246531999999999840e+01
6.239298999999999751e+01
6.232065000000000055e+01
6.224830999999999648e+01
6.217596000000000345e+01
6.210361999999999938e+01
6.203128000000000242e+01
6.195893999999999835e+01
6.188660000000000139e+01
6.181425000000000125e+01
6.174190999999999718e+01
6.166957000000000022e+01
6.159723000000000326e+01
6.152488999999999919e+01
6.145255000000000223e+01
6.138020000000000209e+01
6.130785999999999802e+01
6.123552000000000106e+01
6.116317000000000093e+01
6.109082000000000079e+01
6.101847999999999672e+01
6.094612999999999658e+01
6.087378999999999962e+01
6.080143999999999949e+01
6.072910000000000252e+01
6.065675000000000239e+01
6.058440000000000225e+01
6.051205999999999818e+01
6.043970999999999805e+01
6.036735999999999791e+01
6.029500999999999777e+01
6.022265999999999764e+01
6.015030999999999750e+01
6.007795999999999736e+01
6.000562000000000040e+01
5.993327000000000027e+01
5.986092000000000013e+01
5.978856999999999999e+01
5.971621999999999986e+01
5.964386999999999972e+01
5.957151000000000352e+01
5.949916000000000338e+01
5.942681000000000324e+01
5.935444999999999993e+01
5.928209999999999980e+01
5.920974999999999966e+01
5.913739000000000345e+01
5.906504000000000332e+01
5.899269000000000318e+01
5.892032999999999987e+01
5.884797999999999973e+01
5.877562000000000353e+01
5.870326000000000022e+01
5.863091000000000008e+01
5.855854999999999677e+01
5.848619000000000057e+01
5.841382999999999726e+01
5.834147999999999712e+01
5.826912000000000091e+01
5.819675999999999760e+01
5.812440000000000140e+01
5.805203999999999809e+01
5.797968000000000188e+01
5.790731000000000250e+01
5.783494999999999919e+01
5.776259000000000299e+01
5.769022999999999968e+01
5.761787000000000347e+01
5.754551000000000016e+01
5.747314000000000078e+01
5.740077999999999747e+01
5.732840999999999809e+01
5.725605000000000189e+01
5.718368000000000251e+01
5.711131999999999920e+01
5.703894999999999982e+01
5.696658000000000044e+01
5.689421000000000106e+01
5.682184999999999775e+01
5.674947999999999837e+01
5.667710999999999899e+01
5.660473999999999961e+01
5.653237000000000023e+01
5.646000000000000085e+01
5.638763000000000147e+01
5.631526000000000209e+01
5.624289000000000271e+01
5.617051000000000016e+01
5.609814000000000078e+01
5.602577000000000140e+01
5.595340000000000202e+01
5.588101999999999947e+01
5.580863999999999692e+01
5.573626999999999754e+01
5.566389000000000209e+01
5.559150999999999954e+01
5.551914000000000016e+01
5.544675999999999760e+01
5.537438999999999822e+01
5.530201000000000278e+01
5.522963000000000022e+01
5.515724999999999767e+01
5.508487000000000222e+01
5.501248999999999967e+01
5.494010999999999711e+01
5.486773000000000167e+01
5.479534000000000304e+01
5.472296000000000049e+01
5.465057000000000187e+01
5.457818999999999932e+01
5.450580999999999676e+01
5.443341999999999814e+01
5.436102999999999952e+01
5.428864999999999696e+01
5.421625999999999834e+01
5.414386999999999972e+01
5.407148000000000110e+01
5.399909999999999854e+01
5.392670999999999992e+01
5.385432000000000130e+01
5.378193000000000268e+01
5.370953000000000088e+01
5.363714000000000226e+01
5.356474999999999653e+01
5.349235999999999791e+01
5.341996000000000322e+01
5.334756999999999749e+01
5.327517000000000280e+01
5.320277999999999707e+01
5.313038000000000238e+01
5.305798999999999666e+01
5.298559000000000196e+01
5.291319000000000017e+01
5.284078999999999837e+01
5.276838999999999658e+01
5.269599000000000188e+01
5.262359000000000009e+01
5.255118999999999829e+01
5.247878999999999650e+01
5.240637999999999863e+01
5.233397999999999683e+01
5.226158000000000214e+01
5.218916999999999717e+01
5.211677000000000248e+01
5.204435999999999751e+01
5.197194999999999965e+01
5.189954999999999785e+01
5.182713999999999999e+01
5.175473000000000212e+01
5.168231999999999715e+01
5.160990999999999929e+01
5.153750000000000142e+01
5.146508999999999645e+01
5.139267999999999859e+01
5.132027000000000072e+01
5.124784999999999968e+01
5.117544000000000182e+01
5.110302000000000078e+01
5.103061000000000291e+01
5.095819000000000187e+01
5.088577999999999690e+01
5.081336000000000297e+01
5.074094000000000193e+01
5.066852000000000089e+01
5.059609999999999985e+01
5.052367999999999881e+01
5.045125999999999777e+01
5.037883999999999673e+01
5.030642000000000280e+01
5.023398999999999859e+01
5.016156999999999755e+01
5.008914000000000044e+01
5.001671999999999940e+01
4.994429000000000229e+01
4.987185999999999808e+01
4.979943000000000097e+01
4.972700999999999993e+01
4.965458000000000283e+01
4.958214999999999861e+01
4.950972000000000151e+01
4.943728000000000122e+01
4.936484999999999701e+01
4.929241999999999990e+01
4.921997999999999962e+01
4.914755000000000251e+01
4.907511000000000223e+01
4.900267000000000195e+01
4.893023999999999774e+01
4.885779999999999745e+01
4.878535999999999717e+01
4.871291999999999689e+01
4.864047999999999661e+01
4.856804000000000343e+01
4.849560000000000315e+01
4.842316000000000287e+01
4.835070999999999941e+01
4.827826999999999913e+01
4.820582000000000278e+01
4.813338000000000250e+01
4.806092999999999904e+01
4.798848000000000269e+01
4.791602999999999923e+01
4.784358000000000288e+01
4.777112999999999943e+01
4.769868000000000308e+01
4.762622999999999962e+01
4.755378000000000327e+01
4.748131999999999664e+01
4.740887000000000029e+01
4.733641000000000076e+01
4.726395000000000124e+01
4.719149999999999778e+01
4.711903999999999826e+01
4.704657999999999873e+01
4.697411999999999921e+01
4.690165999999999968e+01
4.682920000000000016e+01
4.675674000000000063e+01
4.668426999999999794e+01
4.661180999999999841e+01
4.653934000000000282e+01
4.646688000000000329e+01
4.639441000000000059e+01
4.632193999999999789e+01
4.624947000000000230e+01
4.617701000000000278e+01
4.610452999999999690e+01
4.603206000000000131e+01
4.595958999999999861e+01
4.588712000000000302e+01
4.581463999999999714e+01
4.574217000000000155e+01
4.566969000000000278e+01
4.559722000000000008e+01
4.552474000000000132e+01
4.545226000000000255e+01
4.537977999999999668e+01
4.530729999999999791e+01
4.523481999999999914e+01
4.516232999999999720e+01
4.508984999999999843e+01
4.501736999999999966e+01
4.494487999999999772e+01
4.487239000000000289e+01
4.479990999999999701e+01
4.472742000000000218e+01
4.465493000000000023e+01
4.458243999999999829e+01
4.450995000000000346e+01
4.443746000000000151e+01
4.436496000000000350e+01
4.429247000000000156e+01
4.421997000000000355e+01
4.414748000000000161e+01
4.407497999999999649e+01
4.400247999999999848e+01
4.392998999999999654e+01
4.385748999999999853e+01
4.378497999999999735e+01
4.371247999999999934e+01
4.363998000000000133e+01
4.356748000000000332e+01
4.349497000000000213e+01
4.342246999999999701e+01
4.334996000000000294e+01
4.327745000000000175e+01
4.320494000000000057e+01
4.313242999999999938e+01
4.305991999999999820e+01
4.298740999999999701e+01
4.291488999999999976e+01
4.284237999999999857e+01
4.276986999999999739e+01
4.269735000000000014e+01
4.262483000000000288e+01
4.255230999999999852e+01
4.247979000000000127e+01
4.240726999999999691e+01
4.233474999999999966e+01
4.226223000000000241e+01
4.218970000000000198e+01
4.211717999999999762e+01
4.204464999999999719e+01
4.197212999999999994e+01
4.189959999999999951e+01
4.182706999999999908e+01
4.175453999999999866e+01
4.168200999999999823e+01
4.160947999999999780e+01
4.153694999999999737e+01
4.146441000000000088e+01
4.139188000000000045e+01
4.131933999999999685e+01
4.124680000000000035e+01
4.117425999999999675e+01
4.110172000000000025e+01
4.102917999999999665e+01
4.095664000000000016e+01
4.088409999999999656e+01
4.081154999999999688e+01
4.073901000000000039e+01
4.066646000000000072e+01
4.059391000000000105e+01
4.052136999999999745e+01
4.044881000000000171e+01
4.037626000000000204e+01
4.030371000000000237e+01
4.023116000000000270e+01
4.015859999999999985e+01
4.008605000000000018e+01
4.001348999999999734e+01
3.994093000000000160e+01
3.986836999999999875e+01
3.979581000000000301e+01
3.972325000000000017e+01
3.965068999999999733e+01
3.957813000000000159e+01
3.950556000000000267e+01
3.943298999999999666e+01
3.936043000000000092e+01
3.928786000000000200e+01
3.921529000000000309e+01
3.914271999999999707e+01
3.907014999999999816e+01
3.899757000000000318e+01
3.892499999999999716e+01
3.885242000000000218e+01
3.877985000000000326e+01
3.870727000000000118e+01
3.863468999999999909e+01
3.856210999999999700e+01
3.848953000000000202e+01
3.841694999999999993e+01
3.834436000000000178e+01
3.827177999999999969e+01
3.819919000000000153e+01
3.812660999999999945e+01
3.805402000000000129e+01
3.798143000000000313e+01
3.790883999999999787e+01
3.783623999999999654e+01
3.776364999999999839e+01
3.769106000000000023e+01
3.761845999999999890e+01
3.754585999999999757e+01
3.747326000000000334e+01
3.740066000000000201e+01
