3.225700000000000000e+04
4.292800000000000000e+04
3.558700000000000000e+04
3.771700000000000000e+04
3.342800000000000000e+04
3.520100000000000000e+04
2.880400000000000000e+04
4.720500000000000000e+04
4.343400000000000000e+04
3.416000000000000000e+04
3.912900000000000000e+04
3.784100000000000000e+04
4.002800000000000000e+04
3.778500000000000000e+04
4.082800000000000000e+04
3.791700000000000000e+04
3.429400000000000000e+04
3.054700000000000000e+04
3.401600000000000000e+04
4.446400000000000000e+04
4.157000000000000000e+04
3.721600000000000000e+04
3.421500000000000000e+04
3.193000000000000000e+04
3.905900000000000000e+04
3.415700000000000000e+04
3.274500000000000000e+04
4.324000000000000000e+04
3.541900000000000000e+04
3.928600000000000000e+04
3.061100000000000000e+04
3.289100000000000000e+04
3.353200000000000000e+04
3.693000000000000000e+04
3.065600000000000000e+04
4.583600000000000000e+04
3.580700000000000000e+04
4.014100000000000000e+04
2.769400000000000000e+04
3.797100000000000000e+04
3.872900000000000000e+04
3.672000000000000000e+04
3.586600000000000000e+04
2.711700000000000000e+04
4.277500000000000000e+04
2.973000000000000000e+04
3.822300000000000000e+04
4.446400000000000000e+04
3.645800000000000000e+04
3.273300000000000000e+04
3.375400000000000000e+04
3.846100000000000000e+04
3.615800000000000000e+04
3.564700000000000000e+04
4.227100000000000000e+04
4.112300000000000000e+04
3.207300000000000000e+04
3.810800000000000000e+04
4.163300000000000000e+04
3.726300000000000000e+04
3.962200000000000000e+04
3.903000000000000000e+04
3.356200000000000000e+04
3.927600000000000000e+04
4.002000000000000000e+04
4.373800000000000000e+04
3.494600000000000000e+04
4.155900000000000000e+04
4.308200000000000000e+04
4.210800000000000000e+04
3.779500000000000000e+04
3.479900000000000000e+04
4.022100000000000000e+04
4.494200000000000000e+04
3.997800000000000000e+04
4.109900000000000000e+04
3.491000000000000000e+04
3.381000000000000000e+04
4.335400000000000000e+04
4.438700000000000000e+04
4.599200000000000000e+04
3.909500000000000000e+04
4.593800000000000000e+04
3.101300000000000000e+04
4.445100000000000000e+04
4.607000000000000000e+04
5.151500000000000000e+04
3.839500000000000000e+04
3.714200000000000000e+04
3.377100000000000000e+04
4.483100000000000000e+04
4.442000000000000000e+04
4.059500000000000000e+04
3.950900000000000000e+04
3.641200000000000000e+04
3.942300000000000000e+04
5.228600000000000000e+04
3.931100000000000000e+04
4.377200000000000000e+04
4.334400000000000000e+04
3.894500000000000000e+04
4.367000000000000000e+04
4.322800000000000000e+04
5.016900000000000000e+04
4.381100000000000000e+04
3.347600000000000000e+04
3.453700000000000000e+04
4.189500000000000000e+04
4.127000000000000000e+04
3.291600000000000000e+04
3.487600000000000000e+04
4.265500000000000000e+04
3.848400000000000000e+04
3.912500000000000000e+04
4.027600000000000000e+04
4.472600000000000000e+04
3.569000000000000000e+04
3.530100000000000000e+04
3.189500000000000000e+04
4.329600000000000000e+04
3.656900000000000000e+04
3.619400000000000000e+04
3.606500000000000000e+04
4.291900000000000000e+04
3.786200000000000000e+04
3.952500000000000000e+04
4.692700000000000000e+04
3.931300000000000000e+04
4.430300000000000000e+04
4.423200000000000000e+04
4.179000000000000000e+04
4.553000000000000000e+04
3.716700000000000000e+04
4.731400000000000000e+04
4.074700000000000000e+04
3.606200000000000000e+04
3.345500000000000000e+04
4.610900000000000000e+04
4.586100000000000000e+04
3.580700000000000000e+04
4.424800000000000000e+04
4.022500000000000000e+04
3.662400000000000000e+04
4.453000000000000000e+04
4.093700000000000000e+04
3.969200000000000000e+04
4.146200000000000000e+04
4.285900000000000000e+04
4.321900000000000000e+04
3.656500000000000000e+04
3.685100000000000000e+04
4.067000000000000000e+04
4.636000000000000000e+04
3.717400000000000000e+04
4.000400000000000000e+04
3.751300000000000000e+04
4.284700000000000000e+04
4.667600000000000000e+04
3.501000000000000000e+04
4.337000000000000000e+04
3.986500000000000000e+04
4.154000000000000000e+04
4.230200000000000000e+04
4.187600000000000000e+04
3.958300000000000000e+04
4.291600000000000000e+04
3.018100000000000000e+04
4.049200000000000000e+04
3.460300000000000000e+04
2.868200000000000000e+04
3.980900000000000000e+04
3.710300000000000000e+04
3.952000000000000000e+04
3.177100000000000000e+04
3.199400000000000000e+04
4.132500000000000000e+04
4.131800000000000000e+04
3.003000000000000000e+04
4.328300000000000000e+04
3.715600000000000000e+04
3.932400000000000000e+04
3.389500000000000000e+04
4.400400000000000000e+04
5.333500000000000000e+04
3.928200000000000000e+04
3.872300000000000000e+04
5.211300000000000000e+04
4.923200000000000000e+04
4.272200000000000000e+04
4.860600000000000000e+04
4.240700000000000000e+04
4.194300000000000000e+04
3.363300000000000000e+04
3.421800000000000000e+04
4.609700000000000000e+04
4.108800000000000000e+04
3.467200000000000000e+04
4.082400000000000000e+04
4.293700000000000000e+04
4.561000000000000000e+04
3.285700000000000000e+04
3.877500000000000000e+04
3.090000000000000000e+04
3.759700000000000000e+04
3.729700000000000000e+04
4.630400000000000000e+04
4.713200000000000000e+04
4.019700000000000000e+04
3.633500000000000000e+04
5.497900000000000000e+04
3.465400000000000000e+04
4.033600000000000000e+04
3.402400000000000000e+04
5.032200000000000000e+04
3.558700000000000000e+04
3.204500000000000000e+04
3.859400000000000000e+04
4.015200000000000000e+04
3.335400000000000000e+04
3.735700000000000000e+04
3.927900000000000000e+04
4.041200000000000000e+04
3.408000000000000000e+04
3.897000000000000000e+04
3.396700000000000000e+04
4.974000000000000000e+04
3.521500000000000000e+04
4.277600000000000000e+04
4.645500000000000000e+04
3.682000000000000000e+04
3.494200000000000000e+04
4.427600000000000000e+04
4.313200000000000000e+04
4.040000000000000000e+04
4.157600000000000000e+04
3.748900000000000000e+04
4.126100000000000000e+04
4.192400000000000000e+04
3.380700000000000000e+04
4.179300000000000000e+04
4.094900000000000000e+04
4.378500000000000000e+04
4.386300000000000000e+04
3.848700000000000000e+04
4.361300000000000000e+04
4.391700000000000000e+04
4.131700000000000000e+04
4.937700000000000000e+04
3.678000000000000000e+04
3.915900000000000000e+04
4.418400000000000000e+04
3.888900000000000000e+04
3.676200000000000000e+04
4.694000000000000000e+04
4.222800000000000000e+04
4.192200000000000000e+04
3.859200000000000000e+04
3.815600000000000000e+04
4.027300000000000000e+04
3.471700000000000000e+04
4.191400000000000000e+04
3.150900000000000000e+04
3.813500000000000000e+04
3.861000000000000000e+04
3.651600000000000000e+04
3.763000000000000000e+04
4.339100000000000000e+04
4.388100000000000000e+04
3.569200000000000000e+04
5.120900000000000000e+04
3.440100000000000000e+04
4.263700000000000000e+04
3.789900000000000000e+04
4.844400000000000000e+04
4.358100000000000000e+04
4.569900000000000000e+04
4.137100000000000000e+04
3.880200000000000000e+04
3.756500000000000000e+04
3.376300000000000000e+04
4.003600000000000000e+04
3.364400000000000000e+04
4.302200000000000000e+04
3.269300000000000000e+04
3.647000000000000000e+04
5.317700000000000000e+04
3.918200000000000000e+04
4.747500000000000000e+04
3.964300000000000000e+04
4.197700000000000000e+04
5.233200000000000000e+04
4.517100000000000000e+04
4.954200000000000000e+04
3.816500000000000000e+04
3.894900000000000000e+04
3.362100000000000000e+04
4.556900000000000000e+04
4.089900000000000000e+04
3.335100000000000000e+04
4.266600000000000000e+04
4.164300000000000000e+04
3.864400000000000000e+04
5.303200000000000000e+04
4.317100000000000000e+04
4.413200000000000000e+04
4.044100000000000000e+04
3.389600000000000000e+04
4.196600000000000000e+04
3.970500000000000000e+04
3.664000000000000000e+04
4.275000000000000000e+04
3.739800000000000000e+04
4.821800000000000000e+04
3.733200000000000000e+04
3.787200000000000000e+04
3.520300000000000000e+04
3.404800000000000000e+04
3.939800000000000000e+04
4.342200000000000000e+04
3.888300000000000000e+04
4.145600000000000000e+04
3.371700000000000000e+04
3.394100000000000000e+04
3.829400000000000000e+04
3.648500000000000000e+04
4.084800000000000000e+04
4.131500000000000000e+04
4.275100000000000000e+04
4.217300000000000000e+04
4.823500000000000000e+04
4.862400000000000000e+04
4.568700000000000000e+04
3.917600000000000000e+04
5.143100000000000000e+04
4.495000000000000000e+04
3.439500000000000000e+04
3.778100000000000000e+04
4.237600000000000000e+04
4.336100000000000000e+04
3.440600000000000000e+04
4.598700000000000000e+04
5.262100000000000000e+04
4.182300000000000000e+04
4.337800000000000000e+04
3.506600000000000000e+04
4.419400000000000000e+04
3.374500000000000000e+04
3.681800000000000000e+04
4.142800000000000000e+04
4.651500000000000000e+04
3.514800000000000000e+04
3.404600000000000000e+04
4.502800000000000000e+04
4.174000000000000000e+04
3.617500000000000000e+04
4.252800000000000000e+04
2.935900000000000000e+04
3.777900000000000000e+04
3.714400000000000000e+04
4.699000000000000000e+04
4.093600000000000000e+04
4.624400000000000000e+04
4.503500000000000000e+04
3.373300000000000000e+04
3.677700000000000000e+04
3.703900000000000000e+04
3.441900000000000000e+04
3.832300000000000000e+04
3.535000000000000000e+04
3.631200000000000000e+04
3.575300000000000000e+04
4.060200000000000000e+04
3.597800000000000000e+04
3.516500000000000000e+04
4.283800000000000000e+04
4.092300000000000000e+04
4.152100000000000000e+04
3.817100000000000000e+04
4.074400000000000000e+04
3.679100000000000000e+04
3.906600000000000000e+04
4.817400000000000000e+04
4.099900000000000000e+04
3.633300000000000000e+04
3.812700000000000000e+04
4.176900000000000000e+04
4.456700000000000000e+04
4.893700000000000000e+04
4.463900000000000000e+04
4.289400000000000000e+04
4.772900000000000000e+04
4.485300000000000000e+04
3.947300000000000000e+04
4.761700000000000000e+04
4.090900000000000000e+04
3.718600000000000000e+04
4.134000000000000000e+04
4.232100000000000000e+04
4.921400000000000000e+04
3.572800000000000000e+04
3.986200000000000000e+04
4.326400000000000000e+04
3.950000000000000000e+04
4.333300000000000000e+04
4.104200000000000000e+04
4.687200000000000000e+04
4.515500000000000000e+04
3.882300000000000000e+04
4.525700000000000000e+04
3.728900000000000000e+04
4.052500000000000000e+04
5.089600000000000000e+04
4.441900000000000000e+04
5.140900000000000000e+04
4.957400000000000000e+04
4.741700000000000000e+04
4.490800000000000000e+04
4.647100000000000000e+04
5.277900000000000000e+04
3.699900000000000000e+04
4.020900000000000000e+04
5.137200000000000000e+04
4.492700000000000000e+04
4.543200000000000000e+04
4.247600000000000000e+04
4.323200000000000000e+04
4.357200000000000000e+04
4.716500000000000000e+04
5.368600000000000000e+04
4.504400000000000000e+04
4.100400000000000000e+04
4.163700000000000000e+04
5.022500000000000000e+04
4.390400000000000000e+04
4.314900000000000000e+04
5.506400000000000000e+04
5.172300000000000000e+04
4.571800000000000000e+04
5.343800000000000000e+04
4.242500000000000000e+04
4.314100000000000000e+04
4.162400000000000000e+04
3.529700000000000000e+04
4.920500000000000000e+04
4.621800000000000000e+04
4.597700000000000000e+04
4.214900000000000000e+04
4.148700000000000000e+04
4.479500000000000000e+04
5.589200000000000000e+04
3.872000000000000000e+04
4.969100000000000000e+04
5.182200000000000000e+04
4.270500000000000000e+04
4.622100000000000000e+04
3.781700000000000000e+04
4.649200000000000000e+04
4.704900000000000000e+04
4.639600000000000000e+04
4.931600000000000000e+04
4.688400000000000000e+04
3.997100000000000000e+04
5.368400000000000000e+04
5.270000000000000000e+04
5.359400000000000000e+04
5.609400000000000000e+04
5.529800000000000000e+04
6.283800000000000000e+04
5.925200000000000000e+04
6.410900000000000000e+04
5.784200000000000000e+04
5.578800000000000000e+04
7.177000000000000000e+04
6.595900000000000000e+04
6.934500000000000000e+04
6.793600000000000000e+04
7.082900000000000000e+04
6.993200000000000000e+04
7.541600000000000000e+04
7.159600000000000000e+04
8.476700000000000000e+04
8.008600000000000000e+04
8.758500000000000000e+04
9.576200000000000000e+04
9.241900000000000000e+04
1.083540000000000000e+05
1.136440000000000000e+05
1.131900000000000000e+05
1.128570000000000000e+05
1.197660000000000000e+05
1.277670000000000000e+05
1.367590000000000000e+05
1.418670000000000000e+05
1.441870000000000000e+05
1.479720000000000000e+05
1.504160000000000000e+05
1.653260000000000000e+05
1.691190000000000000e+05
1.794750000000000000e+05
1.797180000000000000e+05
1.985090000000000000e+05
1.961840000000000000e+05
2.131830000000000000e+05
2.181190000000000000e+05
2.233110000000000000e+05
2.378990000000000000e+05
2.365380000000000000e+05
2.462560000000000000e+05
2.671340000000000000e+05
2.733100000000000000e+05
2.794130000000000000e+05
2.901030000000000000e+05
3.015060000000000000e+05
2.866590000000000000e+05
2.959360000000000000e+05
3.051880000000000000e+05
3.178260000000000000e+05
3.246000000000000000e+05
3.311200000000000000e+05
3.427140000000000000e+05
3.598340000000000000e+05
3.625710000000000000e+05
3.726800000000000000e+05
3.870410000000000000e+05
3.995990000000000000e+05
3.913790000000000000e+05
3.948480000000000000e+05
3.913520000000000000e+05
3.969750000000000000e+05
4.032820000000000000e+05
3.975950000000000000e+05
4.071020000000000000e+05
4.115210000000000000e+05
4.055910000000000000e+05
4.148450000000000000e+05
4.308520000000000000e+05
4.101980000000000000e+05
4.192490000000000000e+05
4.036540000000000000e+05
4.051030000000000000e+05
3.960740000000000000e+05
3.934080000000000000e+05
3.928260000000000000e+05
3.807470000000000000e+05
3.863830000000000000e+05
3.703600000000000000e+05
3.652440000000000000e+05
3.664600000000000000e+05
3.589520000000000000e+05
3.678860000000000000e+05
3.593960000000000000e+05
3.469860000000000000e+05
3.379760000000000000e+05
3.390080000000000000e+05
3.295510000000000000e+05
3.155880000000000000e+05
3.081340000000000000e+05
3.018550000000000000e+05
2.920520000000000000e+05
2.906380000000000000e+05
2.765200000000000000e+05
2.758290000000000000e+05
2.477790000000000000e+05
2.542140000000000000e+05
2.337570000000000000e+05
2.344140000000000000e+05
2.257370000000000000e+05
2.201300000000000000e+05
2.214610000000000000e+05
2.059270000000000000e+05
1.975240000000000000e+05
1.803230000000000000e+05
1.714390000000000000e+05
1.685570000000000000e+05
1.684640000000000000e+05
1.567230000000000000e+05
1.534130000000000000e+05
1.517290000000000000e+05
1.410900000000000000e+05
1.432570000000000000e+05
1.388330000000000000e+05
1.238750000000000000e+05
1.138560000000000000e+05
1.180250000000000000e+05
9.904700000000000000e+04
1.042640000000000000e+05
9.552000000000000000e+04
9.388300000000000000e+04
8.970600000000000000e+04
8.592800000000000000e+04
8.133000000000000000e+04
8.838900000000000000e+04
7.924200000000000000e+04
7.747100000000000000e+04
7.252400000000000000e+04
8.045500000000000000e+04
6.377900000000000000e+04
5.939500000000000000e+04
6.315200000000000000e+04
6.511100000000000000e+04
6.804600000000000000e+04
5.744300000000000000e+04
6.491100000000000000e+04
5.835600000000000000e+04
5.167800000000000000e+04
5.562400000000000000e+04
4.273200000000000000e+04
4.040200000000000000e+04
5.306800000000000000e+04
5.282800000000000000e+04
4.440000000000000000e+04
4.945700000000000000e+04
4.696300000000000000e+04
4.313900000000000000e+04
5.379700000000000000e+04
4.178200000000000000e+04
4.719900000000000000e+04
4.121900000000000000e+04
5.510400000000000000e+04
3.877400000000000000e+04
3.816300000000000000e+04
4.473400000000000000e+04
4.399900000000000000e+04
3.910000000000000000e+04
4.502700000000000000e+04
3.485900000000000000e+04
3.623300000000000000e+04
4.906900000000000000e+04
4.521500000000000000e+04
4.543000000000000000e+04
4.005800000000000000e+04
3.997900000000000000e+04
3.977500000000000000e+04
4.837900000000000000e+04
4.696900000000000000e+04
3.896500000000000000e+04
4.879300000000000000e+04
3.958100000000000000e+04
3.984200000000000000e+04
3.822300000000000000e+04
4.597200000000000000e+04
3.751800000000000000e+04
4.938300000000000000e+04
4.186500000000000000e+04
3.461300000000000000e+04
4.006300000000000000e+04
4.526200000000000000e+04
4.202200000000000000e+04
4.200300000000000000e+04
3.957600000000000000e+04
3.884000000000000000e+04
3.966700000000000000e+04
4.816600000000000000e+04
4.232000000000000000e+04
4.770100000000000000e+04
4.429700000000000000e+04
4.184800000000000000e+04
4.764300000000000000e+04
4.994100000000000000e+04
5.436400000000000000e+04
4.744800000000000000e+04
4.362900000000000000e+04
5.464600000000000000e+04
4.735300000000000000e+04
4.545100000000000000e+04
4.256700000000000000e+04
5.305800000000000000e+04
5.370100000000000000e+04
4.872000000000000000e+04
3.714800000000000000e+04
4.868100000000000000e+04
5.311200000000000000e+04
4.536400000000000000e+04
4.564200000000000000e+04
4.338000000000000000e+04
3.721800000000000000e+04
4.357400000000000000e+04
4.957400000000000000e+04
4.187200000000000000e+04
5.874000000000000000e+04
4.469900000000000000e+04
4.878700000000000000e+04
4.652400000000000000e+04
4.165600000000000000e+04
3.677900000000000000e+04
4.564300000000000000e+04
4.280700000000000000e+04
4.525100000000000000e+04
4.280500000000000000e+04
4.918700000000000000e+04
4.807600000000000000e+04
3.976500000000000000e+04
4.436000000000000000e+04
5.012900000000000000e+04
6.029600000000000000e+04
4.515800000000000000e+04
4.400200000000000000e+04
4.864100000000000000e+04
5.501900000000000000e+04
4.589800000000000000e+04
4.724900000000000000e+04
4.650200000000000000e+04
4.682100000000000000e+04
4.600400000000000000e+04
4.862700000000000000e+04
4.528700000000000000e+04
4.509800000000000000e+04
4.198800000000000000e+04
4.835400000000000000e+04
5.142300000000000000e+04
4.377800000000000000e+04
3.976500000000000000e+04
5.038200000000000000e+04
4.363600000000000000e+04
4.968100000000000000e+04
4.179400000000000000e+04
4.967400000000000000e+04
4.088000000000000000e+04
4.844600000000000000e+04
4.449200000000000000e+04
3.676200000000000000e+04
4.565800000000000000e+04
4.281300000000000000e+04
4.572900000000000000e+04
4.516400000000000000e+04
3.309500000000000000e+04
3.895400000000000000e+04
4.259800000000000000e+04
4.005100000000000000e+04
3.272900000000000000e+04
3.863600000000000000e+04
3.886400000000000000e+04
3.412800000000000000e+04
4.394700000000000000e+04
3.508600000000000000e+04
4.956100000000000000e+04
3.891000000000000000e+04
3.873400000000000000e+04
3.247200000000000000e+04
3.307200000000000000e+04
3.689900000000000000e+04
4.605500000000000000e+04
4.142800000000000000e+04
4.490400000000000000e+04
3.511000000000000000e+04
3.918700000000000000e+04
4.656700000000000000e+04
4.914100000000000000e+04
3.397400000000000000e+04
3.148100000000000000e+04
3.910100000000000000e+04
3.511000000000000000e+04
4.009800000000000000e+04
4.160900000000000000e+04
4.668500000000000000e+04
3.746300000000000000e+04
3.445100000000000000e+04
4.096800000000000000e+04
3.480500000000000000e+04
2.907900000000000000e+04
3.553200000000000000e+04
4.177500000000000000e+04
3.341500000000000000e+04
3.369400000000000000e+04
4.230000000000000000e+04
3.807500000000000000e+04
4.203400000000000000e+04
4.244900000000000000e+04
3.514100000000000000e+04
3.826200000000000000e+04
3.861300000000000000e+04
3.711700000000000000e+04
3.990500000000000000e+04
4.627600000000000000e+04
3.381500000000000000e+04
4.274500000000000000e+04
3.607500000000000000e+04
2.815700000000000000e+04
3.299000000000000000e+04
4.022500000000000000e+04
3.383300000000000000e+04
3.696200000000000000e+04
4.047100000000000000e+04
3.177900000000000000e+04
4.713700000000000000e+04
3.800700000000000000e+04
3.614300000000000000e+04
3.745500000000000000e+04
3.644500000000000000e+04
3.306600000000000000e+04
3.509600000000000000e+04
3.644900000000000000e+04
3.042200000000000000e+04
4.353500000000000000e+04
3.732500000000000000e+04
4.765200000000000000e+04
4.092700000000000000e+04
4.024700000000000000e+04
3.967100000000000000e+04
3.915400000000000000e+04
3.253800000000000000e+04
3.313000000000000000e+04
3.797100000000000000e+04
3.405100000000000000e+04
4.027300000000000000e+04
4.165800000000000000e+04
4.019400000000000000e+04
4.046700000000000000e+04
4.399900000000000000e+04
3.540100000000000000e+04
3.441200000000000000e+04
3.575400000000000000e+04
4.119800000000000000e+04
3.683600000000000000e+04
4.155100000000000000e+04
3.981200000000000000e+04
3.510700000000000000e+04
3.531000000000000000e+04
3.374400000000000000e+04
3.773500000000000000e+04
3.953900000000000000e+04
4.892400000000000000e+04
4.884500000000000000e+04
4.631300000000000000e+04
3.554500000000000000e+04
3.744900000000000000e+04
4.967800000000000000e+04
3.128900000000000000e+04
3.465100000000000000e+04
3.865200000000000000e+04
3.789700000000000000e+04
3.484400000000000000e+04
4.278700000000000000e+04
3.688800000000000000e+04
3.984200000000000000e+04
4.255300000000000000e+04
4.214100000000000000e+04
3.294000000000000000e+04
2.580200000000000000e+04
3.683700000000000000e+04
4.360100000000000000e+04
3.628800000000000000e+04
3.523400000000000000e+04
3.040200000000000000e+04
4.099600000000000000e+04
3.238200000000000000e+04
3.370000000000000000e+04
4.331100000000000000e+04
4.045500000000000000e+04
4.126600000000000000e+04
3.871800000000000000e+04
3.946900000000000000e+04
3.885600000000000000e+04
3.397200000000000000e+04
3.936400000000000000e+04
4.690800000000000000e+04
3.594900000000000000e+04
3.851400000000000000e+04
4.147400000000000000e+04
4.533200000000000000e+04
4.283100000000000000e+04
4.572700000000000000e+04
4.724800000000000000e+04
4.634300000000000000e+04
3.601400000000000000e+04
3.159900000000000000e+04
4.289300000000000000e+04
3.773400000000000000e+04
3.331600000000000000e+04
2.906200000000000000e+04
4.448400000000000000e+04
4.254900000000000000e+04
2.876800000000000000e+04
3.538400000000000000e+04
4.102500000000000000e+04
4.030300000000000000e+04
3.238100000000000000e+04
3.440400000000000000e+04
4.969100000000000000e+04
3.874800000000000000e+04
3.803400000000000000e+04
3.754400000000000000e+04
3.539400000000000000e+04
4.472700000000000000e+04
3.606300000000000000e+04
3.740200000000000000e+04
3.625500000000000000e+04
3.786500000000000000e+04
3.616800000000000000e+04
4.346400000000000000e+04
3.482000000000000000e+04
2.713700000000000000e+04
3.833800000000000000e+04
3.636700000000000000e+04
3.881300000000000000e+04
2.568400000000000000e+04
3.941500000000000000e+04
4.373200000000000000e+04
4.788400000000000000e+04
3.282500000000000000e+04
3.848900000000000000e+04
4.380900000000000000e+04
3.195800000000000000e+04
3.756300000000000000e+04
3.822600000000000000e+04
4.120200000000000000e+04
3.719600000000000000e+04
4.159700000000000000e+04
4.639900000000000000e+04
3.990000000000000000e+04
3.428900000000000000e+04
4.870300000000000000e+04
3.882500000000000000e+04
3.859900000000000000e+04
4.470900000000000000e+04
3.874000000000000000e+04
3.127300000000000000e+04
3.588500000000000000e+04
3.263200000000000000e+04
3.992600000000000000e+04
5.051700000000000000e+04
3.181700000000000000e+04
3.220200000000000000e+04
4.200100000000000000e+04
3.398500000000000000e+04
4.406500000000000000e+04
3.978900000000000000e+04
3.421100000000000000e+04
4.501000000000000000e+04
3.919400000000000000e+04
3.323500000000000000e+04
3.689700000000000000e+04
3.005200000000000000e+04
2.978400000000000000e+04
3.127100000000000000e+04
3.688500000000000000e+04
4.297200000000000000e+04
3.482600000000000000e+04
3.040600000000000000e+04
3.523500000000000000e+04
2.515400000000000000e+04
3.425800000000000000e+04
4.054100000000000000e+04
2.792900000000000000e+04
3.300500000000000000e+04
3.263000000000000000e+04
3.383700000000000000e+04
4.080100000000000000e+04
4.450900000000000000e+04
3.099600000000000000e+04
3.934400000000000000e+04
3.922600000000000000e+04
3.015000000000000000e+04
3.227100000000000000e+04
4.438400000000000000e+04
3.408600000000000000e+04
3.826000000000000000e+04
3.346600000000000000e+04
3.392600000000000000e+04
3.580200000000000000e+04
2.826600000000000000e+04
3.309400000000000000e+04
3.887000000000000000e+04
2.684400000000000000e+04
3.755200000000000000e+04
4.277800000000000000e+04
4.003700000000000000e+04
3.819600000000000000e+04
4.030500000000000000e+04
3.192000000000000000e+04
3.908200000000000000e+04
4.269900000000000000e+04
3.561800000000000000e+04
3.707500000000000000e+04
4.069200000000000000e+04
2.956500000000000000e+04
3.631800000000000000e+04
4.702800000000000000e+04
4.023300000000000000e+04
4.434100000000000000e+04
3.894600000000000000e+04
3.346300000000000000e+04
4.011400000000000000e+04
3.443100000000000000e+04
3.258800000000000000e+04
3.256300000000000000e+04
3.767900000000000000e+04
3.409600000000000000e+04
3.686500000000000000e+04
3.654500000000000000e+04
3.335400000000000000e+04
3.481900000000000000e+04
2.817900000000000000e+04
3.358600000000000000e+04
3.565200000000000000e+04
3.220400000000000000e+04
3.209300000000000000e+04
2.705300000000000000e+04
3.937300000000000000e+04
4.326700000000000000e+04
4.043200000000000000e+04
2.575600000000000000e+04
3.614500000000000000e+04
4.270900000000000000e+04
3.865500000000000000e+04
2.652900000000000000e+04
3.527600000000000000e+04
2.742700000000000000e+04
3.356400000000000000e+04
3.203500000000000000e+04
3.774500000000000000e+04
3.796300000000000000e+04
2.758500000000000000e+04
4.159900000000000000e+04
3.062200000000000000e+04
3.550400000000000000e+04
2.787800000000000000e+04
3.243500000000000000e+04
3.633300000000000000e+04
3.016400000000000000e+04
3.146500000000000000e+04
3.039300000000000000e+04
4.036500000000000000e+04
2.520100000000000000e+04
